eval_loss = 0.4485582448200348
eval_acc = 0.8337155963302753
epoch = 1.0
